nbr_step;distortion
1;0.2660966145688829
2;0.19230695740103854
3;0.1476873760581412
4;0.11760151674900654
5;0.09639967966044283
6;0.08097869528019475
7;0.06944038455662471
8;0.06058022262432794
9;0.053614840972150635
10;0.04802247825310024
11;0.04344735668449751
12;0.039641428469078366
13;0.03642817085737593
14;0.03367957376700992
15;0.03130117988809933
16;0.02922215232007319
17;0.027388552945568412
18;0.025758715053282977
19;0.024300008232036374
20;0.022986544676838472
21;0.021797531729147668
22;0.020716074086290392
23;0.01972829280069499
24;0.01882267003082383
25;0.01798955641397959
26;0.01722079679724975
27;0.01650944296978607
28;0.015849530966163927
29;0.015235906746204453
30;0.01466408845342082
31;0.014130156582028652
32;0.013630665626426564
33;0.013162572410308382
34;0.0127231774761426
35;0.012310076785583268
36;0.011921121625574238
37;0.011554385095555064
38;0.011208133912514517
39;0.01088080454428031
40;0.010570982890107272
41;0.010277386887924345
42;0.009998851551571541
43;0.009734316037903312
44;0.009482812419265296
45;0.009243455896606134
46;0.009015436235824237
47;0.00879801024785476
48;0.008590495163425027
49;0.00839226277800842
50;0.008202734262521938
51;0.008021375551665821
52;0.007847693235272346
53;0.007681230889102109
54;0.007521565790823526
55;0.007368305974544409
56;0.007221087583783037
57;0.007079572488174812
58;0.0069434461338253595
59;0.006812415601123445
60;0.006686207847179326
61;0.006564568112873981
62;0.006447258476994677
63;0.006334056542019462
64;0.006224754237928676
65;0.006119156732045217
66;0.006017081434236848
67;0.005918357088047332
68;0.005822822939347105
69;0.005730327975031924
70;0.005640730225091262
71;0.005553896122101776
72;0.005469699912782566
73;0.005388023116867258
74;0.00530875402895159
75;0.005231787259524667
76;0.005157023311641473
77;0.005084368190171662
78;0.005013733040747925
79;0.004945033815909272
80;0.004878190966095763
81;0.004813129153441897
82;0.004749776986436194
83;0.004688066773768096
84;0.004627934295769576
85;0.004569318592056781
86;0.004512161764070766
87;0.0044564087913262496
88;0.004402007360325144
89;0.004348907705127303
90;0.004297062458700318
91;0.004246426514218915
92;0.004196956895566428
93;0.004148612636369786
94;0.00410135466689554
95;0.0040551457082780296
96;0.004009950173520127
97;0.003965734074777516
98;0.003922464936496728
99;0.0038801117139666275
100;0.0038386447169377336
101;0.003798035537913025
102;0.003758256984835895
103;0.003719283017833863
104;0.003681088689759693
105;0.0036436500902914393
106;0.0036069442933059914
107;0.0035709493073663445
108;0.003535644029077356
109;0.003501008199129463
110;0.003467022360878258
111;0.003433667821269526
112;0.0034009266139645167
113;0.003368781464555881
114;0.003337215757691858
115;0.0033062135060338838
116;0.0032757593209084
117;0.0032458383845697103
118;0.003216436423937763
119;0.003187539685772789
120;0.003159134913154671
121;0.003131209323212758
122;0.0031037505860270764
123;0.003076746804630437
124;0.003050186496041274
125;0.0030240585732790315
126;0.0029983523282944846
127;0.0029730574157680323
128;0.0029481638377210073
129;0.002923661928897925
130;0.0028995423428820333
131;0.0028757960388814396
132;0.0028524142691772614
133;0.0028293885671731855
134;0.0028067107360241206
135;0.0027843728378198485
136;0.0027623671832639474
137;0.002740686321863528
138;0.0027193230325659457
139;0.002698270314837381
140;0.002677521380153869
141;0.002657069643885457
142;0.0026369087175474037
143;0.0026170324014136437
144;0.0025974346774449986
145;0.002578109702558229
146;0.0025590518021683106
147;0.0025402554640371333
148;0.002521715332383545
149;0.002503426202246084
150;0.002485383014098841
151;0.0024675808486873674
152;0.0024500149221019507
153;0.0024326805810337415
154;0.002415573298259921
155;0.002398688668295179
156;0.0023820224032368165
157;0.0023655703287721597
158;0.002349328380356952
159;0.0023332925995420695
160;0.0023174591304588876
161;0.00230182421643077
162;0.002286384196734881
163;0.0022711355034819025
164;0.0022560746586204328
165;0.0022411982710635048
166;0.002226503033918692
167;0.00221198572183412
168;0.002197643188429299
169;0.0021834723638498588
170;0.002169470252388228
171;0.002155633930208345
172;0.002141960543155186
173;0.0021284473046362384
174;0.002115091493587462
175;0.0021018904525162974
176;0.0020888415856068487
177;0.0020759423569025603
178;0.0020631902885449582
179;0.0020505829590825586
180;0.0020381180018348433
181;0.002025793103321072
182;0.002013606001727619
183;0.002001554485449697
184;0.001989636391666383
185;0.0019778496049726035
186;0.0019661920560537505
187;0.0019546617204089234
188;0.0019432566171180277
189;0.0019319748076425114
190;0.0019208143946702894
191;0.001909773521000524
192;0.0018988503684649327
193;0.0018880431568808476
194;0.0018773501430410233
195;0.0018667696197323114
196;0.0018562999147895276
197;0.0018459393901850696
198;0.0018356864411234186
199;0.0018255394952021442
200;0.0018154970115613622
201;0.0018055574800848184
202;0.0017957194206172922
203;0.0017859813821997639
204;0.0017763419423434401
205;0.0017667997063037788
206;0.001757353306402365
207;0.0017480014013516731
208;0.0017387426755979263
209;0.0017295758386954851
210;0.001720499624698446
211;0.0017115127915522388
212;0.0017026141205369605
213;0.0016938024156818443
214;0.0016850765032442316
215;0.0016764352311646746
216;0.0016678774685610076
217;0.00165940210523019
218;0.0016510080511589198
219;0.0016426942360557861
220;0.0016344596088935237
221;0.0016263031374630366
222;0.0016182238079391897
223;0.0016102206244653638
224;0.0016022926087386757
225;0.001594438799614628
226;0.0015866582527195305
227;0.0015789500400801293
228;0.001571313249740136
229;0.0015637469854264952
230;0.001556250366184564
231;0.001548822526049043
232;0.0015414626137134624
233;0.0015341697922074404
234;0.0015269432385922599
235;0.0015197821436472303
236;0.0015126857115851378
237;0.0015056531597507083
238;0.0014986837183590396
239;0.0014917766302011692
240;0.0014849311503946083
241;0.0014781465461156662
242;0.0014714220963477631
243;0.0014647570916364039
244;0.0014581508338465943
245;0.0014516026359326917
246;0.0014451118217070347
247;0.0014386777256167882
248;0.0014322996925251186
249;0.0014259770775073566
250;0.0014197092456378346
251;0.0014134955717850506
252;0.0014073354404260385
253;0.0014012282454416436
254;0.0013951733899431051
255;0.0013891702860732158
256;0.001383218354844895
257;0.0013773170259537837
258;0.0013714657376188155
259;0.0013656639364034717
260;0.001359911077067566
261;0.001354206622401155
262;0.001348550043075436
263;0.001342940817483207
264;0.0013373784316011994
265;0.001331862378838533
266;0.0013263921599026007
267;0.0013209672826581809
268;0.0013155872619925457
269;0.0013102516196891179
270;0.0013049598842936883
271;0.0012997115909869628
272;0.0012945062814785357
273;0.0012893435038647816
274;0.0012842228125299338
275;0.0012791437680180762
276;0.0012741059369351104
277;0.0012691088918256321
278;0.0012641522110807824
279;0.001259235478816234
280;0.001254358284786261
281;0.0012495202242785997
282;0.0012447208980085334
283;0.0012399599120358484
284;0.001235236877662027
285;0.001230551411343761
286;0.0012259031346019134
287;0.001221291673934144
288;0.0012167166607262025
289;0.0012121777311715487
290;0.0012076745261910826
291;0.0012032066913451045
292;0.00119877387676115
293;0.0011943757370557195
294;0.0011900119312592272
295;0.001185682122737064
296;0.0011813859791249826
297;0.001177123172251826
298;0.0011728933780746909
299;0.0011686962766079834
300;0.0011645315518605814
301;0.0011603988917611163
302;0.0011562979881070135
303;0.0011522285364963247
304;0.0011481902362624474
305;0.0011441827904177249
306;0.0011402059055958258
307;0.0011362592919925696
308;0.001132342663310304
309;0.001128455736698064
310;0.00112459823270461
311;0.0011207698752192519
312;0.0011169703914254425
313;0.0011131995117373839
314;0.0011094569697657208
315;0.0011057425022582557
316;0.0011020558490603127
317;0.0010983967530500127
318;0.0010947649601125153
319;0.0010911602190819547
320;0.0010875822817012493
321;0.0010840309025759165
322;0.0010805058391367695
323;0.001077006851586293
324;0.0010735337028691117
325;0.0010700861586278032
326;0.0010666639871599326
327;0.0010632669593805266
328;0.001059894848788323
329;0.001056547431416699
330;0.0010532244858127982
331;0.001049925792985018
332;0.0010466511363829145
333;0.0010434003018481297
334;0.001040173077587303
335;0.0010369692541387643
336;0.0010337886243403371
337;0.0010306309832918137
338;0.0010274961283259776
339;0.0010243838589750753
340;0.0010212939769508322
341;0.0010182262860937152
342;0.0010151805923666046
343;0.0010121567038060553
344;0.0010091544305037559
345;0.001006173584582326
346;0.0010032139801512407
347;0.001000275433297726
348;0.0009973577620494556
349;0.0009944607863562327
350;0.0009915843280521308
351;0.0009887282108418383
352;0.000985892260270238
353;0.0009830763037020906
354;0.0009802801702895048
355;0.0009775036909529522
356;0.0009747466983696107
357;0.0009720090269235149
358;0.0009692905127137719
359;0.0009665909935088202
360;0.0009639103087341061
361;0.000961248299457873
362;0.0009586048083513043
363;0.0009559796796886344
364;0.0009533727593101782
365;0.0009507838946145597
366;0.0009482129345327328
367;0.0009456597295049995
368;0.0009431241314735717
369;0.0009406059938529276
370;0.0009381051715113831
371;0.0009356215207664276
372;0.0009331548993528616
373;0.0009307051664028121
374;0.000928272182446177
375;0.0009258558093748759
376;0.0009234559104369655
377;0.0009210723502171003
378;0.0009187049946215442
379;0.0009163537108547448
380;0.0009140183674147817
381;0.0009116988340737153
382;0.0009093949818577141
383;0.0009071066830366181
384;0.0009048338111098397
385;0.0009025762407852689
386;0.000900333847977719
387;0.0008981065097776186
388;0.0008958941044545643
389;0.0008936965114303419
390;0.0008915136112712663
391;0.0008893452856707507
392;0.0008871914174463091
393;0.0008850518905135774
394;0.0008829265898839811
395;0.0008808154016420877
396;0.0008787182129467164
397;0.0008766349120067352
398;0.0008745653880691817
399;0.0008725095314168207
400;0.0008704672333527119
401;0.0008684383861840006
402;0.0008664228832142573
403;0.000864420618729711
404;0.0008624314879950301
405;0.0008604553872342269
406;0.0008584922136272155
407;0.0008565418652890511
408;0.0008546042412720389
409;0.0008526792415458617
410;0.0008507667669932495
411;0.0008488667193986554
412;0.0008469790014329348
413;0.0008451035166530119
414;0.0008432401694846714
415;0.0008413888652168966
416;0.0008395495099908779
417;0.0008377220107922412
418;0.0008359062754419444
419;0.0008341022125879505
420;0.000832309731688019
421;0.0008305287430183661
422;0.0008287591576472408
423;0.0008270008874355916
424;0.0008252538450295166
425;0.0008235179438469409
426;0.0008217930980748411
427;0.0008200792226549236
428;0.0008183762332808486
429;0.0008166840463923464
430;0.0008150025791582305
431;0.0008133317494800618
432;0.0008116714759698329
433;0.0008100216779642899
434;0.0008083822754968439
435;0.0008067531893007907
436;0.0008051343407970979
437;0.0008035256520978473
438;0.0008019270459787009
439;0.000800338445899551
440;0.0007987597759744336
441;0.000797190960972527
442;0.0007956319263181522
443;0.0007940825980727872
444;0.0007925429029381759
445;0.0007910127682461132
446;0.0007894921219464557
447;0.0007879808926138931
448;0.0007864790094318508
449;0.000784986402187271
450;0.0007835030012672828
451;0.0007820287376538726
452;0.0007805635429151137
453;0.0007791073491990597
454;0.0007776600892348551
455;0.000776221696312307
456;0.0007747921043003148
457;0.0007733712476118981
458;0.0007719590612244032
459;0.0007705554806600734
460;0.0007691604419810538
461;0.0007677738817920554
462;0.000766395737229475
463;0.0007650259459531794
464;0.0007636644461509468
465;0.0007623111765254764
466;0.0007609660762855075
467;0.0007596290851630272
468;0.0007583001433735248
469;0.0007569791916464119
470;0.000755666171193603
471;0.0007543610237179532
472;0.0007530636914145905
473;0.000751774116941939
474;0.0007504922434450334
475;0.0007492180145379779
476;0.0007479513742952859
477;0.0007466922672580978
478;0.0007454406384209689
479;0.0007441964332325357
480;0.0007429595975920744
481;0.0007417300778396196
482;0.0007405078207590732
483;0.0007392927735669907
484;0.0007380848839136922
485;0.0007368840998800419
486;0.0007356903699647921
487;0.0007345036430937979
488;0.0007333238686062504
489;0.000732150996250347
490;0.0007309849761901743
491;0.0007298257589908319
492;0.0007286732956179875
493;0.0007275275374359902
494;0.000726388436203762
495;0.0007252559440712458
496;0.0007241300135720774
497;0.0007230105976262502
498;0.000721897649534009
499;0.0007207911229686337
500;0.0007196909719811018
501;0.0007185971509880984
502;0.0007175096147724602
503;0.0007164283184866171
504;0.0007153532176352728
505;0.0007142842680804007
506;0.0007132214260425762
507;0.000712164648091429
508;0.0007111138911345405
509;0.0007100691124364289
510;0.000709030269598343
511;0.0007079973205540435
512;0.0007069702235770192
513;0.0007059489372717165
514;0.0007049334205739832
515;0.0007039236327408549
516;0.0007029195333578819
517;0.0007019210823292488
518;0.0007009282398714456
519;0.0006999409665232603
520;0.0006989592231342323
521;0.0006979829708574359
522;0.0006970121711594723
523;0.0006960467858092567
524;0.0006950867768733549
525;0.0006941321067169826
526;0.0006931827380090017
527;0.0006922386337046005
528;0.0006912997570504009
529;0.000690366071582349
530;0.0006894375411248266
531;0.000688514129782769
532;0.0006875958019423312
533;0.000686682522269888
534;0.0006857742557040414
535;0.0006848709674617259
536;0.0006839726230304377
537;0.0006830791881632381
538;0.0006821906288850821
539;0.0006813069114804948
540;0.0006804280025002329
541;0.0006795538687529579
542;0.0006786844773029044
543;0.0006778197954777632
544;0.0006769597908483638
545;0.0006761044312413311
546;0.0006752536847379753
547;0.0006744075196583044
548;0.0006735659045702391
549;0.000672728808283285
550;0.0006718961998508632
551;0.000671068048563539
552;0.0006702443239456901
553;0.0006694249957615028
554;0.00066861003400287
555;0.000667799408898273
556;0.0006669930908989041
557;0.0006661910506866597
558;0.0006653932591677014
559;0.0006645996874697913
560;0.000663810306943402
561;0.000663025089160385
562;0.0006622440059069756
563;0.0006614670291846814
564;0.0006606941312119474
565;0.0006599252844157188
566;0.000659160461438768
567;0.0006583996351269272
568;0.0006576427785345285
569;0.0006568898649236266
570;0.0006561408677574487
571;0.0006553957607007277
572;0.0006546545176210339
573;0.0006539171125792276
574;0.0006531835198395619
575;0.0006524537138560271
576;0.0006517276692805662
577;0.0006510053609526389
578;0.0006502867639057719
579;0.0006495718533620076
580;0.0006488606047281298
581;0.0006481529935979946
582;0.0006474489957521978
583;0.0006467485871501921
584;0.0006460517439331737
585;0.0006453584424260805
586;0.0006446686591283779
587;0.0006439823707169445
588;0.0006432995540450737
589;0.0006426201861399194
590;0.0006419442441962797
591;0.0006412717055909178
592;0.0006406025478581379
593;0.0006399367487105456
594;0.0006392742860216183
595;0.0006386151378323657
596;0.0006379592823488878
597;0.000637306697939044
598;0.0006366573631299
599;0.0006360112566169418
600;0.0006353683572462021
601;0.0006347286440239186
602;0.0006340920961166452
603;0.0006334586928415931
604;0.0006328284136707385
605;0.0006322012382298237
606;0.0006315771462949149
607;0.0006309561177954004
608;0.0006303381328066626
609;0.0006297231715506335
610;0.0006291112144014566
611;0.0006285022418730524
612;0.0006278962346256689
613;0.0006272931734636611
614;0.0006266930393358239
615;0.0006260958133269545
616;0.0006255014766610723
617;0.0006249100107054151
618;0.0006243213969652217
619;0.0006237356170739616
620;0.0006231526528114317
621;0.0006225724860822179
622;0.0006219950989322376
623;0.0006214204735335294
624;0.000620848592193135
625;0.0006202794373465492
626;0.0006197129915541666
627;0.0006191492375136054
628;0.0006185881580399455
629;0.0006180297360826037
630;0.0006174739547100128
631;0.0006169207971152835
632;0.0006163702466189802
633;0.0006158222866597951
634;0.0006152769007964354
635;0.0006147340727117312
636;0.0006141937862036428
637;0.0006136560251931433
638;0.0006131207737128941
639;0.0006125880159156827
640;0.000612057736070315
641;0.0006115299185571743
642;0.0006110045478735504
643;0.000610481608625868
644;0.0006099610855356818
645;0.000609442963434792
646;0.0006089272272601365
647;0.0006084138620706669
648;0.0006079028530164843
649;0.0006073941853733666
650;0.0006068878445063541
651;0.000606383815900724
652;0.0006058820851365665
653;0.0006053826379081029
654;0.0006048854600010367
655;0.0006043905373160907
656;0.0006038978558449148
657;0.0006034074016865176
658;0.000602919161041271
659;0.0006024331202049149
660;0.000601949265570334
661;0.0006014675836362171
662;0.0006009880609926244
663;0.0006005106843250951
664;0.0006000354404189778
665;0.0005995623161508812
666;0.0005990912984938923
667;0.0005986223745136909
668;0.0005981555313698816
669;0.0005976907563109979
670;0.0005972280366799421
671;0.0005967673599092116
672;0.0005963087135222311
673;0.0005958520851288007
674;0.0005953974624299807
675;0.0005949448332134288
676;0.0005944941853530672
677;0.000594045506812857
678;0.0005935987856378055
679;0.0005931540099627375
680;0.0005927111680023023
681;0.0005922702480604114
682;0.0005918312385163604
683;0.0005913941278422596
684;0.0005909589045863806
685;0.0005905255573741552
686;0.0005900940749199446
687;0.0005896644460119393
688;0.0005892366595212639
689;0.0005888107043988677
690;0.000588386569669419
691;0.0005879642444398536
692;0.0005875437178900489
693;0.0005871249792802624
694;0.0005867080179405848
695;0.0005862928232861497
696;0.0005858793847992594
697;0.000585467692037489
698;0.0005850577346308006
699;0.0005846495022877596
700;0.0005842429847837671
701;0.0005838381719712737
702;0.000583435053767789
703;0.0005830336201662067
704;0.0005826338612284765
705;0.0005822357670858258
706;0.0005818393279373169
707;0.0005814445340558416
708;0.0005810513757762426
709;0.0005806598435053045
710;0.000580269927717203
711;0.0005798816189470646
712;0.0005794949078035128
713;0.0005791097849546789
714;0.0005787262411409699
715;0.0005783442671564165
716;0.0005779638538727649
717;0.000577584992214164
718;0.0005772076731727083
719;0.0005768318878058842
720;0.0005764576272249133
721;0.0005760848826130704
722;0.0005757136452083644
723;0.0005753439063114207
724;0.0005749756572805964
725;0.0005746088895398627
726;0.0005742435945663704
727;0.0005738797639052162
728;0.000573517389147904
729;0.0005731564619537721
730;0.000572796974035894
731;0.0005724389171644084
732;0.0005720822831674077
733;0.0005717270639290506
734;0.0005713732513918934
735;0.0005710208375487857
736;0.0005706698144508637
737;0.0005703201742047748
738;0.0005699719089716782
739;0.0005696250109625822
740;0.0005692794724478922
741;0.0005689352857448648
742;0.0005685924432288214
743;0.0005682509373245992
744;0.0005679107605118805
745;0.0005675719053164219
746;0.0005672343643217115
747;0.000566898130153537
748;0.0005665631955005246
749;0.000566229553088271
750;0.0005658971957002157
751;0.0005655661161664272
752;0.0005652363073667122
753;0.0005649077622255083
754;0.0005645804737247628
755;0.0005642544348839484
756;0.0005639296387747184
757;0.0005636060785186858
758;0.0005632837472770991
759;0.0005629626382639419
760;0.0005626427447330551
761;0.0005623240599935686
762;0.0005620065773921379
763;0.0005616902903218257
764;0.000561375192221325
765;0.0005610612765744039
766;0.0005607485369074627
767;0.0005604369667924214
768;0.0005601265598417227
769;0.0005598173097136616
770;0.0005595092101092769
771;0.0005592022547700193
772;0.0005588964374815264
773;0.000558591752069515
774;0.0005582881924024452
775;0.0005579857523884124
776;0.0005576844259808089
777;0.0005573842071656676
778;0.0005570850899785373
779;0.0005567870684893839
780;0.0005564901368088071
781;0.0005561942890864868
782;0.0005558995195132921
783;0.0005556058223158411
784;0.0005553131917627185
785;0.0005550216221595905
786;0.0005547311078468731
787;0.000554441643208281
788;0.00055415322266128
789;0.00055386584066075
790;0.0005535794916978753
791;0.000553294170305807
792;0.0005530098710468945
793;0.0005527265885233446
794;0.0005524443173734461
795;0.0005521630522666854
796;0.0005518827879161803
797;0.0005516035190619162
798;0.0005513252404838465
799;0.0005510479469948981
800;0.0005507716334381962
801;0.0005504962946999425
802;0.0005502219256895424
803;0.0005499485213588118
804;0.0005496760766905417
805;0.0005494045866960562
806;0.0005491340464238714
807;0.0005488644509529239
808;0.0005485957953998977
809;0.000548328074903015
810;0.000548061284643464
811;0.0005477954198283008
812;0.0005475304756948907
813;0.0005472664475152378
814;0.0005470033305913224
815;0.0005467411202525474
816;0.000546479811866285
817;0.0005462194008200028
818;0.0005459598825419132
819;0.0005457012524814342
820;0.000545443506124732
821;0.0005451866389802884
822;0.0005449306465886705
823;0.0005446755245246404
824;0.0005444212683818339
825;0.0005441678737916344
826;0.0005439153364076299
827;0.000543663651912607
828;0.0005434128160233254
829;0.0005431628244750852
830;0.0005429136730393802
831;0.000542665357503469
832;0.0005424178736983531
833;0.0005421712174655813
834;0.0005419253846841166
835;0.0005416803712559037
836;0.0005414361731060913
837;0.0005411927861947996
838;0.0005409502064994687
839;0.000540708430025183
840;0.000540467452807003
841;0.0005402272709015277
842;0.0005399878803891145
843;0.0005397492773826507
844;0.0005395114580114546
845;0.0005392744184342657
846;0.0005390381548323608
847;0.0005388026634109977
848;0.0005385679404028565
849;0.000538333982063044
850;0.0005381007846688712
851;0.0005378683445242949
852;0.0005376366579500358
853;0.0005374057212994554
854;0.0005371755309434567
855;0.000536946083279588
856;0.0005367173747224951
857;0.0005364894017154676
858;0.0005362621607182261
859;0.0005360356482211337
860;0.0005358098607286532
861;0.0005355847947703385
862;0.0005353604469017226
863;0.0005351368136934376
864;0.0005349138917405405
865;0.0005346916776592936
866;0.0005344701680874975
867;0.0005342493596852682
868;0.0005340292491325949
869;0.0005338098331290064
870;0.0005335911083940159
871;0.0005333730716724494
872;0.0005331557197248982
873;0.0005329390493358233
874;0.0005327230573053399
875;0.000532507740457655
876;0.0005322930956320748
877;0.0005320791196935515
878;0.0005318658095243567
879;0.0005316531620213061
880;0.0005314411741069724
881;0.0005312298427212481
882;0.0005310191648201235
883;0.0005308091373850132
884;0.0005305997574051036
885;0.0005303910218987795
886;0.0005301829278973047
887;0.0005299754724527039
888;0.0005297686526354317
889;0.0005295624655317077
890;0.0005293569082459593
891;0.0005291519779010434
892;0.0005289476716396901
893;0.0005287439866166199
894;0.0005285409200123103
895;0.0005283384690142334
896;0.0005281366308401703
897;0.0005279354027089012
898;0.0005277347818700706
899;0.0005275347655845364
900;0.0005273353511285883
901;0.000527136535797057
902;0.000526938316899539
903;0.0005267406917646156
904;0.000526543657734857
905;0.0005263472121743717
906;0.00052615135245071
907;0.0005259560759607318
908;0.0005257613801121774
909;0.0005255672623241114
910;0.0005253737200374697
911;0.0005251807507075101
912;0.0005249883518041454
913;0.0005247965208083905
914;0.0005246052552219105
915;0.0005244145525614696
916;0.0005242244103524918
917;0.0005240348261422723
918;0.0005238457974906519
919;0.0005236573219730145
920;0.0005234693971746252
921;0.0005232820206976241
922;0.0005230951901625813
923;0.0005229089031996148
924;0.000522723157456273
925;0.0005225379505864325
926;0.0005223532802702824
927;0.0005221691441933407
928;0.0005219855400531159
929;0.0005218024655685438
930;0.0005216199184647774
931;0.0005214378964865096
932;0.0005212563973890916
933;0.0005210754189369782
934;0.0005208949589153855
935;0.0005207150151169682
936;0.0005205355853514781
937;0.0005203566674379934
938;0.0005201782592104687
939;0.0005200003585137392
940;0.000519822963208294
941;0.0005196460711647255
942;0.0005194696802671706
943;0.00051929378840887
944;0.0005191183935043808
945;0.0005189434934687043
946;0.0005187690862369365
947;0.0005185951697542768
948;0.0005184217419763604
949;0.0005182488008741437
950;0.0005180763444245784
951;0.0005179043706211583
952;0.0005177328774715884
953;0.0005175618629854606
954;0.0005173913251927953
955;0.0005172212621312733
956;0.0005170516718500107
957;0.0005168825524091147
958;0.0005167139018850131
959;0.0005165457183565758
960;0.0005163779999171059
961;0.0005162107446763375
962;0.0005160439507438941
963;0.0005158776162513812
964;0.0005157117393373989
965;0.0005155463181454323
966;0.0005153813508362859
967;0.0005152168355775366
968;0.0005150527705521935
969;0.0005148891539472622
970;0.0005147259839651808
971;0.0005145632588136051
972;0.0005144009767149571
973;0.0005142391358996523
974;0.0005140777346089864
975;0.000513916771093359
976;0.0005137562436119403
977;0.0005135961504365572
978;0.0005134364898479182
979;0.0005132772601331714
980;0.0005131184595933425
981;0.0005129600865362294
982;0.000512802139283508
983;0.000512644616160407
984;0.0005124875155038122
985;0.0005123308356608236
986;0.0005121745749869788
987;0.0005120187318463643
988;0.0005118633046137244
989;0.0005117082916735738
990;0.0005115536914162
991;0.0005113995022443252
992;0.0005112457225654454
993;0.0005110923507961607
994;0.0005109393853700572
995;0.000510786824718612
996;0.0005106346672864026
997;0.0005104829115297749
998;0.0005103315559076282
999;0.0005101805988909636
1000;0.0005100300389618839
centroids  : [ 0.02165  0.06559  0.11024  0.15564  0.20184  0.24892  0.29693  0.34596  0.39608  0.44738  0.49995  0.55391  0.60938  0.66647  0.72533  0.78611  0.84899  0.91415  0.98178  1.05212  1.12541  1.20191  1.2819   1.36572  1.45372  1.54627  1.64381  1.74682  1.85582  1.97142  2.09428  2.22517  2.36497  2.51468  2.6755   2.84882  3.03629  3.23996  3.46229  3.70639  3.97626  4.2771   4.61592  5.00253  5.45122  5.98403  6.63769  7.48051  8.66412 10.66195]
probas     : [4.26837e-02 4.14791e-02 4.03170e-02 3.91952e-02 3.81113e-02 3.70635e-02 3.60498e-02 3.50687e-02 3.41185e-02 3.31973e-02 3.23032e-02 3.14343e-02 3.05882e-02 2.97626e-02 2.89545e-02 2.81610e-02 2.73787e-02 2.66043e-02 2.58339e-02 2.50638e-02 2.42899e-02 2.35083e-02 2.27151e-02 2.19068e-02 2.10799e-02 2.02313e-02 1.93588e-02 1.84605e-02 1.75354e-02 1.65833e-02 1.56050e-02 1.46024e-02 1.35784e-02 1.25371e-02 1.14837e-02 1.04245e-02 9.36682e-03 8.31897e-03 7.29007e-03 6.28989e-03 5.32868e-03 4.41696e-03 3.56525e-03 2.78390e-03 2.08277e-03 1.47104e-03 9.56918e-04 5.47491e-04 2.48469e-04 6.35915e-05]
Distortion : 0.0005100300389618839
Gradient   : [-1.55082e-07 -4.63055e-07 -7.68821e-07 -1.07654e-06 -1.38994e-06 -1.71232e-06 -2.04647e-06 -2.39464e-06 -2.75856e-06 -3.13938e-06 -3.53765e-06 -3.95332e-06 -4.38572e-06 -4.83352e-06 -5.29475e-06 -5.76674e-06 -6.24614e-06 -6.72888e-06 -7.21020e-06 -7.68464e-06 -8.14604e-06 -8.58766e-06 -9.00218e-06 -9.38184e-06 -9.71860e-06 -1.00043e-05 -1.02307e-05 -1.03902e-05 -1.04755e-05 -1.04805e-05 -1.03999e-05 -1.02302e-05 -9.96976e-06 -9.61874e-06 -9.17971e-06 -8.65765e-06 -8.06000e-06 -7.39667e-06 -6.67995e-06 -5.92423e-06 -5.14578e-06 -4.36224e-06 -3.59222e-06 -2.85469e-06 -2.16839e-06 -1.55125e-06 -1.01970e-06 -5.88167e-07 -2.68479e-07 -6.89489e-08]
