nbr_step;distortion
1;1.877036099118783
2;1.3337668615606357
3;1.0597029862379792
4;0.885422021667948
5;0.7621407157945832
6;0.6683738858567971
7;0.5937538308015848
8;0.5327216870409819
9;0.4819230505075658
10;0.4391173918933964
11;0.4026956668784405
12;0.3714472237607169
13;0.3444345443212833
14;0.32091842115649927
15;0.3003090512261166
16;0.2821318344915422
17;0.26600232148520364
18;0.2516073009664739
19;0.23869024650939252
20;0.2270399793455824
21;0.21648176503539096
22;0.20687028182720946
23;0.19808404327257945
24;0.19002095835119048
25;0.18259478543617158
26;0.17573229101778542
27;0.16937096565225973
28;0.16345718160003608
29;0.1579447014390185
30;0.1527934662805417
31;0.14796860732732187
32;0.14343963634576928
33;0.13917977989963815
34;0.13516542947440646
35;0.13137568534508093
36;0.12779197654384422
37;0.12439774283633875
38;0.12117816741859011
39;0.11811995126470975
40;0.11521112181637916
41;0.1124408701011741
42;0.10979941148235284
43;0.10727786613213164
44;0.10486815603420174
45;0.102562915893877
46;0.10035541579762919
47;0.09823949383632646
48;0.09620949721127525
49;0.09426023058893174
50;0.09238691067168991
51;0.09058512611920388
52;0.08885080208954399
53;0.08718016878397528
54;0.08556973347084407
55;0.08401625554324887
56;0.08251672422932588
57;0.08106833862847118
58;0.07966848979315122
59;0.0783147446133694
60;0.0770048312946865
61;0.07573662624811561
62;0.07450814223271163
63;0.07331751761433303
64;0.0721630066181369
65;0.07104297047015651
66;0.06995586933419284
67;0.06890025496242513
68;0.06787476398686909
69;0.0668781117877737
70;0.06590908688256736
71;0.06496654578364103
72;0.06404940828168781
73;0.06315665311279384
74;0.0622873139747937
75;0.061440475859920074
76;0.06061527167549352
77;0.05981087912701355
78;0.0590265178393099
79;0.05826144669667288
80;0.05751496138153511
81;0.05678639209539682
82;0.05607510144664207
83;0.055380482491022676
84;0.05470195691227442
85;0.054038973331863804
86;0.05339100573679145
87;0.052757552015954445
88;0.05213813259762956
89;0.05153228917835406
90;0.050939583537749744
91;0.050359596431754916
92;0.049791926558580446
93;0.04923618959182763
94;0.04869201727607164
95;0.048159056579760495
96;0.047636968901843435
97;0.047125429327372625
98;0.04662412592990561
99;0.04613275911592174
100;0.04565104100917283
101;0.045178694872263225
102;0.044715454561814916
103;0.04426106401669472
104;0.04381527677527641
105;0.04337785552051887
106;0.042948571652003054
107;0.04252720488079342
108;0.04211354284823532
109;0.041707380764867796
110;0.0413085210702091
111;0.04091677311019737
112;0.04053195283248057
113;0.04015388249813645
114;0.039782390408038104
115;0.03941731064434384
116;0.03905848282483859
117;0.03870575187028491
118;0.03835896778317682
119;0.03801798543854762
120;0.037682664384125264
121;0.03735286865163445
122;0.03702846657616021
123;0.036709330625452896
124;0.036395337236405645
125;0.03608636666041676
126;0.03578230281556971
127;0.035483033145474074
128;0.03518844848502578
129;0.03489844293303479
130;0.03461291372912756
131;0.034331761138042705
132;0.03405488833755932
133;0.03378220131263854
134;0.033513608753531265
135;0.03324902195868962
136;0.03298835474185369
137;0.03273152334300056
138;0.03247844634360364
139;0.032229044584554334
140;0.03198324108882167
141;0.031740960986427424
142;0.03150213144230918
143;0.03126668158854695
144;0.031034542457470504
145;0.030805646919405127
146;0.03057992962113465
147;0.03035732692827331
148;0.030137776868932598
149;0.029921219080290218
150;0.02970759475696161
151;0.029496846600833848
152;0.029288918773713313
153;0.0290837568519855
154;0.028881307781364995
155;0.028681519835154212
156;0.028484342572875132
157;0.028289726801224102
158;0.028097624536258525
159;0.027907988966247466
160;0.027720774417006044
161;0.02753593631745055
162;0.027353431167597808
163;0.027173216506028997
164;0.026995250880217814
165;0.02681949381671167
166;0.026645905793141633
167;0.02647444821031497
168;0.02630508336645354
169;0.026137774430753602
170;0.025972485419926805
171;0.0258091811729817
172;0.025647827329700945
173;0.025488390306735997
174;0.02533083727754315
175;0.025175136150717314
176;0.025021255549898314
177;0.024869164795110255
178;0.024718833882809932
179;0.02457023346787368
180;0.024423334846856992
181;0.024278109939576353
182;0.024134531273759308
183;0.023992571967877296
184;0.023852205716813568
185;0.02371340677553846
186;0.02357614994556645
187;0.02344041056020174
188;0.023306164471019297
189;0.023173388034868125
190;0.023042058100513074
191;0.022912151996108854
192;0.022783647517504058
193;0.0226565229162472
194;0.022530756888338832
195;0.022406328562430744
196;0.022283217490168372
197;0.022161403635080568
198;0.02204086736242017
199;0.021921589429351407
200;0.02180355097609299
201;0.02168673351529682
202;0.02157111892406638
203;0.021456689435039422
204;0.021343427627504408
205;0.021231316419350055
206;0.021120339059173432
207;0.021010479117786307
208;0.02090172048141481
209;0.02079404734397272
210;0.020687444200070626
211;0.020581895837204822
212;0.020477387330077423
213;0.020373904032989554
214;0.020271431574412357
215;0.020169955849576038
216;0.020069463015433442
217;0.01996993948374781
218;0.019871371916100777
219;0.01977374721777725
220;0.019677052532736994
221;0.019581275237476437
222;0.0194864029368631
223;0.019392423458103103
224;0.019299324846786092
225;0.01920709536072218
226;0.019115723467084234
227;0.01902519783616663
228;0.018935507337678903
229;0.018846641036418088
230;0.018758588188286573
231;0.01867133823542666
232;0.01858488080279752
233;0.018499205694265886
234;0.01841430288849022
235;0.018330162535582506
236;0.018246774953001754
237;0.018164130622193575
238;0.018082220185578812
239;0.01800103444249368
240;0.017920564346534995
241;0.017840801001912876
242;0.01776173566038164
243;0.017683359718296376
244;0.017605664714082092
245;0.017528642324215582
246;0.017452284361324732
247;0.017376582771389426
248;0.017301529630640466
249;0.017227117142789794
250;0.01715333763702409
251;0.017080183565515217
252;0.017007647500151712
253;0.01693572213075667
254;0.01686440026290148
255;0.01679367481524352
256;0.016723538817368766
257;0.016653985407812488
258;0.01658500783146577
259;0.016516599438166413
260;0.016448753680082362
261;0.016381464109792798
262;0.016314724379383083
263;0.016248528236191273
264;0.016182869523691856
265;0.016117742177642835
266;0.016053140225975593
267;0.015989057784953964
268;0.015925489059563258
269;0.015862428340954526
270;0.015799870004756578
271;0.015737808508967
272;0.01567623839375276
273;0.015615154279459365
274;0.015554550864409045
275;0.015494422923368223
276;0.015434765307937415
277;0.015375572943283622
278;0.01531684082729079
279;0.015258564029463795
280;0.01520073768982666
281;0.015143357017207038
282;0.01508641728757043
283;0.015029913844551768
284;0.014973842095888923
285;0.014918197514321552
286;0.014862975635281384
287;0.014808172056087088
288;0.014753782435015239
289;0.014699802489533731
290;0.014646227996430117
291;0.014593054790085436
292;0.01454027876116415
293;0.014487895855975097
294;0.014435902076443519
295;0.014384293476802146
296;0.014333066165609143
297;0.014282216302191841
298;0.014231740097707224
299;0.01418163381324078
300;0.014131893759055991
301;0.014082516294048109
302;0.014033497824875063
303;0.013984834805137236
304;0.013936523734484396
305;0.013888561157644919
306;0.01384094366472377
307;0.013793667888569061
308;0.013746730505888927
309;0.013700128236169729
310;0.013653857839466266
311;0.013607916117914787
312;0.013562299913772335
313;0.013517006108935359
314;0.013472031624229608
315;0.013427373419663713
316;0.013383028491976035
317;0.013338993876078842
318;0.013295266643010173
319;0.013251843900780269
320;0.01320872279158003
321;0.013165900493346872
322;0.01312337421828591
323;0.013081141212512915
324;0.013039198755818493
325;0.012997544159965457
326;0.012956174769222617
327;0.012915087960757354
328;0.012874281141962651
329;0.012833751751023748
330;0.012793497257523878
331;0.012753515159744655
332;0.012713802986139111
333;0.012674358294030075
334;0.012635178669394342
335;0.01259626172632089
336;0.012557605106691128
337;0.012519206479439493
338;0.012481063540864756
339;0.012443174013246239
340;0.012405535645215071
341;0.012368146211432673
342;0.012331003511496963
343;0.012294105370675101
344;0.012257449638151563
345;0.012221034187316793
346;0.012184856916663378
347;0.01214891574634347
348;0.012113208621648663
349;0.012077733509642474
350;0.012042488400182627
351;0.012007471306196393
352;0.011972680261195467
353;0.011938113321355637
354;0.0119037685638399
355;0.011869644086792697
356;0.011835738009202679
357;0.011802048470923143
358;0.011768573630844603
359;0.011735311669505588
360;0.011702260784912877
361;0.011669419196429942
362;0.011636785141443173
363;0.011604356876063537
364;0.011572132675961022
365;0.011540110833528239
366;0.011508289661201765
367;0.011476667487659853
368;0.011445242659430921
369;0.01141401354154059
370;0.011382978514713926
371;0.01135213597721707
372;0.011321484344074317
373;0.011291022047094312
374;0.011260747532989335
375;0.011230659266269427
376;0.011200755725797595
377;0.011171035406442265
378;0.01114149681964216
379;0.011112138490060541
380;0.011082958959433675
381;0.01105395678221699
382;0.011025130529481508
383;0.010996478784982333
384;0.010968000148645185
385;0.010939693232372871
386;0.010911556663875999
387;0.010883589083209078
388;0.010855789144533112
389;0.010828155515878457
390;0.010800686877280086
391;0.010773381923256942
392;0.010746239360087007
393;0.01071925790720396
394;0.01069243629683525
395;0.01066577327335727
396;0.010639267593647972
397;0.01061291802589892
398;0.01058672335158306
399;0.010560682362680929
400;0.0105347938638638
401;0.010509056671622385
402;0.010483469611957563
403;0.010458031523931322
404;0.010432741257386802
405;0.01040759767307664
406;0.010382599641789447
407;0.010357746046572469
408;0.01033303578010969
409;0.010308467745125949
410;0.0102840408562348
411;0.01025975403679702
412;0.01023560622066677
413;0.010211596353047803
414;0.01018772338675289
415;0.010163986285881776
416;0.01014038402430506
417;0.010116915584247543
418;0.010093579958461163
419;0.010070376148709759
420;0.010047303166083932
421;0.010024360030379764
422;0.010001545770784936
423;0.009978859424915054
424;0.009956300040535382
425;0.009933866672196867
426;0.00991155838465163
427;0.009889374250287464
428;0.009867313350295781
429;0.009845374773986837
430;0.00982355761901399
431;0.009801860991363043
432;0.009780284004815787
433;0.009758825781287062
434;0.009737485450151961
435;0.009716262149392918
436;0.009695155023985436
437;0.009674163227065158
438;0.009653285918048038
439;0.009632522265832666
440;0.009611871445309284
441;0.00959133263892653
442;0.009570905036108357
443;0.009550587834403323
444;0.009530380236980829
445;0.009510281455581193
446;0.009490290707789395
447;0.009470407218084453
448;0.00945063021786785
449;0.00943095894603907
450;0.009411392646379468
451;0.009391930570643137
452;0.009372571977336985
453;0.00935331612959267
454;0.009334162299062587
455;0.009315109761835583
456;0.009296157801351956
457;0.009277305707330541
458;0.009258552774563
459;0.009239898304587157
460;0.009221341605309519
461;0.009202881989308853
462;0.00918451877628712
463;0.009166251290617655
464;0.009148078863244091
465;0.009130000830657625
466;0.009112016534834844
467;0.00909412532267373
468;0.009076326547794
469;0.00905861956861198
470;0.009041003748758492
471;0.009023478457198753
472;0.009006043069247571
473;0.008988696963296405
474;0.00897143952521251
475;0.008954270144451382
476;0.008937188216679104
477;0.008920193141356503
478;0.008903284323516392
479;0.008886461173376325
480;0.00886972310578038
481;0.008853069540601943
482;0.008836499902152184
483;0.008820013619559308
484;0.008803610126841388
485;0.008787288862337483
486;0.008771049269296949
487;0.008754890795201309
488;0.008738812892712833
489;0.008722815017968344
490;0.008706896632786343
491;0.008691057201686725
492;0.008675296194853743
493;0.008659613086654527
494;0.00864400735535531
495;0.008628478483456714
496;0.008613025957576514
497;0.00859764926851403
498;0.008582347911595178
499;0.008567121385678611
500;0.008551969193482556
501;0.008536890842295808
502;0.00852188584340885
503;0.008506953710943232
504;0.008492093964244773
505;0.00847730612622044
506;0.008462589722205038
507;0.008447944282865993
508;0.00843336934231198
509;0.008418864437759854
510;0.00840442911049788
511;0.00839006290552291
512;0.008375765370849386
513;0.008361536059140029
514;0.00834737452517853
515;0.008333280327961212
516;0.008319253030777851
517;0.00830529219834597
518;0.008291397401209988
519;0.008277568210999675
520;0.008263804203879399
521;0.008250104959509397
522;0.008236470060356993
523;0.008222899091830715
524;0.008209391643775543
525;0.008195947307206186
526;0.008182565678348297
527;0.008169246355570259
528;0.008155988940772296
529;0.008142793037769547
530;0.008129658254866445
531;0.008116584202688681
532;0.008103570495174406
533;0.008090616748376522
534;0.008077722582269686
535;0.00806488761960722
536;0.00805211148583762
537;0.008039393809165407
538;0.008026734220001774
539;0.008014132353223236
540;0.008001587845463565
541;0.00798910033609923
542;0.00797666946682174
543;0.007964294882744305
544;0.007951976232066116
545;0.007939713164400786
546;0.007927505333479967
547;0.007915352393808028
548;0.007903254004298699
549;0.007891209825568346
550;0.007879219520475544
551;0.007867282755239291
552;0.007855399198035684
553;0.007843568519309674
554;0.007831790393267202
555;0.00782006449443795
556;0.007808390501717
557;0.007796768095236661
558;0.0077851969581894664
559;0.007773676775732152
560;0.0077622072352769855
561;0.007750788027490074
562;0.0077394188433852484
563;0.007728099378272013
564;0.007716829328650032
565;0.00770560839381762
566;0.007694436274660266
567;0.007683312674902076
568;0.007672237299812146
569;0.007661209857721563
570;0.007650230057669294
571;0.007639297613025509
572;0.007628412236452942
573;0.007617573645486875
574;0.007606781557521369
575;0.007596035693983705
576;0.007585335776276736
577;0.007574681529536331
578;0.0075640726802737035
579;0.007553508956704036
580;0.007542990089060897
581;0.0075325158100079115
582;0.007522085854256844
583;0.007511699957901019
584;0.007501357858374025
585;0.007491059296878877
586;0.007480804014798448
587;0.007470591756081557
588;0.007460422265935129
589;0.007450295292869669
590;0.007440210585115903
591;0.00743016789494888
592;0.007420166974422937
593;0.007410207577823513
594;0.007400289463017629
595;0.007390412387150214
596;0.007380576110110226
597;0.007370780394488463
598;0.007361025002484478
599;0.007351309699655584
600;0.007341634252624463
601;0.007331998429996656
602;0.007322402001740613
603;0.007312844738726287
604;0.007303326415500688
605;0.007293846805752846
606;0.007284405686624584
607;0.007275002836295119
608;0.0072656380335711646
609;0.007256311060688692
610;0.007247021699560374
611;0.007237769734519617
612;0.007228554952082966
613;0.007219377138369509
614;0.007210236082972887
615;0.007201131576201725
616;0.007192063408941074
617;0.0071830313749479124
618;0.007174035269500223
619;0.007165074887363954
620;0.007156150027385788
621;0.00714726048693759
622;0.007138406067520808
623;0.007129586570914004
624;0.007120801799301635
625;0.007112051557756072
626;0.00710333565166632
627;0.00709465388876751
628;0.007086006076973739
629;0.007077392026019869
630;0.007068811548056608
631;0.007060264454527232
632;0.007051750559759373
633;0.007043269678185471
634;0.007034821626441978
635;0.007026406222292891
636;0.007018023284091068
637;0.007009672632341424
638;0.007001354088389533
639;0.006993067473802572
640;0.006984812613427316
641;0.006976589331953775
642;0.006968397455103581
643;0.006960236811292653
644;0.006952107227620186
645;0.00694400853421806
646;0.006935940562297738
647;0.006927903143687519
648;0.006919896111462709
649;0.006911919300421232
650;0.006903972545057702
651;0.006896055682468205
652;0.006888168550296836
653;0.0068803109867343615
654;0.006872482832335436
655;0.006864683927658266
656;0.006856914114162116
657;0.006849173235635497
658;0.006841461135961513
659;0.006833777660357754
660;0.006826122654739475
661;0.006818495966597116
662;0.006810897444344377
663;0.006803326936826171
664;0.006795784294021168
665;0.006788269368201316
666;0.006780782011015507
667;0.006773322075663835
668;0.006765889416903814
669;0.006758483889036437
670;0.006751105349473541
671;0.0067437536544017185
672;0.00673642866202373
673;0.006729130231912794
674;0.006721858223479593
675;0.0067146124979560184
676;0.0067073929172281055
677;0.0067001993433057905
678;0.006693031641054059
679;0.006685889674175716
680;0.006678773308038899
681;0.00667168240933913
682;0.0066646168449975285
683;0.006657576483748873
684;0.0066505611936591436
685;0.006643570845283442
686;0.006636605308438792
687;0.0066296644562759965
688;0.00662274815942876
689;0.006615856291584343
690;0.006608988727489162
691;0.006602145341289223
692;0.006595326008715485
693;0.006588530606110865
694;0.0065817590116341584
695;0.0065750111022038205
696;0.006568286757977937
697;0.0065615858572023456
698;0.006554908281673821
699;0.006548253911734303
700;0.006541622629920418
701;0.006535014318486798
702;0.006528428861441782
703;0.006521866142488175
704;0.006515326047172643
705;0.0065088084609974395
706;0.0065023132711443665
707;0.006495840363732963
708;0.006489389627931441
709;0.006482960951027739
710;0.006476554223892261
711;0.0064701693354067835
712;0.006463806177089637
713;0.006457464640336141
714;0.006451144617468874
715;0.0064448460013983855
716;0.006438568685341206
717;0.006432312563339426
718;0.006426077531568097
719;0.006419863484066202
720;0.006413670318355713
721;0.006407497930923878
722;0.0064013462195045
723;0.006395215082464656
724;0.006389104417409364
725;0.006383014125936892
726;0.00637694410652756
727;0.006370894261067406
728;0.006364864490097766
729;0.006358854696375982
730;0.006352864782330325
731;0.006346894651512169
732;0.006340944207173571
733;0.00633501335434028
734;0.006329101997456732
735;0.00632321004336811
736;0.006317337397841349
737;0.006311483967132325
738;0.00630564965896685
739;0.006299834382173852
740;0.006294038044493355
741;0.0062882605558520765
742;0.006282501824845355
743;0.0062767617632881745
744;0.00627104028079728
745;0.006265337289312445
746;0.006259652700879137
747;0.006253986427777747
748;0.006248338383107566
749;0.0062427084811327305
750;0.0062370966350919765
751;0.0062315027602823925
752;0.006225926771269652
753;0.006220368584076041
754;0.006214828115564952
755;0.00620930528168806
756;0.0062037999997857085
757;0.006198312188438582
758;0.006192841765126023
759;0.006187388649042003
760;0.006181952759258813
761;0.006176534015469137
762;0.006171132338300023
763;0.006165747648488207
764;0.006160379867210963
765;0.0061550289161944605
766;0.006149694717229703
767;0.0061443771933133995
768;0.006139076268043553
769;0.006133791864488813
770;0.00612852390707852
771;0.006123272319995543
772;0.0061180370286582075
773;0.006112817958609629
774;0.006107615035062963
775;0.0061024281848389705
776;0.006097257335141215
777;0.006092102412628364
778;0.006086963345273588
779;0.006081840060736088
780;0.006076732488180525
781;0.006071640556210234
782;0.006066564194811441
783;0.006061503333577356
784;0.006056457901824963
785;0.006051427831615719
786;0.0060464130538213645
787;0.006041413498712345
788;0.006036429099765872
789;0.006031459788492732
790;0.006026505497758183
791;0.006021566160397285
792;0.006016641710690607
793;0.006011732081537158
794;0.006006837208253124
795;0.0060019570252078935
796;0.005997091467320637
797;0.005992240469872012
798;0.005987403969861305
799;0.005982581902065132
800;0.005977774203459241
801;0.005972980811880024
802;0.005968201663806738
803;0.005963436697017599
804;0.005958685850164791
805;0.005953949061803243
806;0.005949226269684971
807;0.005944517413976502
808;0.0059398224335511784
809;0.0059351412695294314
810;0.005930473860486174
811;0.005925820148311001
812;0.005921180073547916
813;0.005916553576849726
814;0.005911940600604737
815;0.005907341086893059
816;0.005902754977423985
817;0.005898182215317682
818;0.005893622743095239
819;0.005889076504652202
820;0.005884543443073209
821;0.0058800235023031
822;0.0058755166274777615
823;0.00587102276204865
824;0.0058665418518693
825;0.005862073841300219
826;0.005857618676893939
827;0.005853176303725061
828;0.005848746668422056
829;0.00584432971663551
830;0.005839925396550427
831;0.005835533654199754
832;0.005831154437726749
833;0.00582678769424172
834;0.0058224333717653565
835;0.0058180914189449595
836;0.005813761784791982
837;0.005809444417004261
838;0.005805139265361525
839;0.005800846279937932
840;0.005796565409281307
841;0.005792296604420599
842;0.005788039814744295
843;0.005783794991816027
844;0.005779562086689172
845;0.005775341049416571
846;0.005771131832099208
847;0.00576693438572784
848;0.0057627486635429825
849;0.005758574617317436
850;0.005754412198739178
851;0.0057502613619364595
852;0.005746122058432945
853;0.005741994243272153
854;0.005737877867988406
855;0.005733772888383726
856;0.005729679257307829
857;0.005725596929758936
858;0.00572152586013841
859;0.005717466003527516
860;0.0057134173143005285
861;0.005709379748659593
862;0.005705353261543866
863;0.005701337808579954
864;0.0056973333467165155
865;0.0056933398326255436
866;0.0056893572210894305
867;0.0056853854706013784
868;0.005681424537284485
869;0.005677474378983138
870;0.005673534952972403
871;0.005669606216819112
872;0.005665688128961843
873;0.005661780647532311
874;0.005657883730241231
875;0.005653997337211614
876;0.005650121425280208
877;0.005646255955975565
878;0.005642400886857413
879;0.00563855617769482
880;0.005634721789116615
881;0.005630897680754643
882;0.005627083812559164
883;0.00562328014433966
884;0.005619486638321458
885;0.005615703254654658
886;0.005611929954672412
887;0.005608166698480854
888;0.005604413449065149
889;0.005600670167314803
890;0.0055969368154245025
891;0.005593213355037818
892;0.005589499748874349
893;0.005585795959182516
894;0.005582101949455964
895;0.005578417682032821
896;0.005574743120243308
897;0.005571078226825232
898;0.005567422964964042
899;0.005563777299844919
900;0.005560141195115609
901;0.005556514613080044
902;0.005552897520340938
903;0.00554928987905523
904;0.005545691656616558
905;0.005542102815465633
906;0.0055385233214320095
907;0.005534953139621379
908;0.005531392236272303
909;0.005527840576154741
910;0.0055242981249308265
911;0.005520764848296
912;0.005517240713502236
913;0.005513725685812876
914;0.005510219732689059
915;0.0055067228194087825
916;0.005503234913528221
917;0.0054997559824014886
918;0.005496285992681482
919;0.005492824911658367
920;0.00548937270719474
921;0.005485929347260665
922;0.005482494798384252
923;0.005479069029893147
924;0.005475652008803955
925;0.005472243704923052
926;0.005468844085016578
927;0.0054654531196542955
928;0.005462070776007355
929;0.00545869702349755
930;0.0054553318317203114
931;0.005451975170126744
932;0.005448627006972018
933;0.005445287313250002
934;0.0054419560580010184
935;0.005438633210763655
936;0.0054353187430939975
937;0.005432012623805438
938;0.005428714823485947
939;0.005425425312744814
940;0.005422144062771306
941;0.005418871043744833
942;0.005415606226780056
943;0.005412349583390874
944;0.0054091010847923116
945;0.005405860701575005
946;0.0054026284064612184
947;0.005399404170119748
948;0.005396187965088561
949;0.005392979763299888
950;0.005389779535685424
951;0.005386587256682063
952;0.005383402896787182
953;0.0053802264292830415
954;0.0053770578271099545
955;0.005373897062748156
956;0.005370744109449266
957;0.00536759893928318
958;0.005364461526430553
959;0.00536133184391252
960;0.00535820986571478
961;0.005355095564375745
962;0.005351988914642725
963;0.00534888988976423
964;0.005345798463781026
965;0.005342714611202393
966;0.005339638305566385
967;0.005336569522604417
968;0.005333508235609852
969;0.0053304544190657666
970;0.005327408049099258
971;0.005324369098620885
972;0.005321337544263116
973;0.005318313360617832
974;0.005315296522615753
975;0.005312287006444372
976;0.005309284786415347
977;0.005306289838737044
978;0.005303302138779831
979;0.0053003216633911165
980;0.005297348387693024
981;0.005294382287403643
982;0.005291423339287782
983;0.0052884715199166266
984;0.005285526804546858
985;0.005282589171365704
986;0.005279658595203518
987;0.0052767350538234226
988;0.005273818524254015
989;0.005270908983224576
990;0.005268006407090464
991;0.005265110773537973
992;0.005262222060191668
993;0.005259340244573529
994;0.0052564653035478415
995;0.005253597214973649
996;0.005250735956539021
997;0.005247881506075913
998;0.005245033842186775
999;0.005242192941205204
1000;0.005239358783044157
centroids  : [1.11653e-01 2.01599e-01 2.84069e-01 3.64852e-01 4.46110e-01 5.29035e-01 6.14451e-01 7.03032e-01 7.95385e-01 8.92108e-01 9.93809e-01 1.10113e+00 1.21478e+00 1.33551e+00 1.46416e+00 1.60168e+00 1.74910e+00 1.90761e+00 2.07854e+00 2.26338e+00 2.46385e+00 2.68189e+00 2.91972e+00 3.17990e+00 3.46536e+00 3.77952e+00 4.12633e+00 4.51042e+00 4.93724e+00 5.41321e+00 5.94601e+00 6.54482e+00 7.22075e+00 7.98736e+00 8.86138e+00 9.86364e+00 1.10204e+01 1.23655e+01 1.39427e+01 1.58102e+01 1.80471e+01 2.07636e+01 2.41178e+01 2.83465e+01 3.38205e+01 4.11592e+01 5.14873e+01 6.71090e+01 9.37371e+01 1.51786e+02]
probas     : [3.18770e-02 4.66019e-02 5.16903e-02 5.31784e-02 5.29336e-02 5.17773e-02 5.01257e-02 4.82069e-02 4.61523e-02 4.40392e-02 4.19138e-02 3.98028e-02 3.77215e-02 3.56779e-02 3.36754e-02 3.17149e-02 2.97959e-02 2.79174e-02 2.60784e-02 2.42784e-02 2.25175e-02 2.07969e-02 1.91185e-02 1.74854e-02 1.59015e-02 1.43712e-02 1.28999e-02 1.14932e-02 1.01568e-02 8.89627e-03 7.71685e-03 6.62309e-03 5.61866e-03 4.70610e-03 3.88672e-03 3.16041e-03 2.52565e-03 1.97951e-03 1.51768e-03 1.13467e-03 8.23911e-04 5.78053e-04 3.89170e-04 2.49046e-04 1.49447e-04 8.23831e-05 4.03483e-05 1.65311e-05 4.98456e-06 7.53733e-07]
Distortion : 0.005239358783044157
Gradient   : [-9.81742e-07 -3.02590e-06 -5.15027e-06 -7.25304e-06 -9.30966e-06 -1.13178e-05 -1.32820e-05 -1.52081e-05 -1.71011e-05 -1.89640e-05 -2.07973e-05 -2.25987e-05 -2.43629e-05 -2.60815e-05 -2.77433e-05 -2.93338e-05 -3.08362e-05 -3.22308e-05 -3.34964e-05 -3.46097e-05 -3.55470e-05 -3.62846e-05 -3.67992e-05 -3.70700e-05 -3.70785e-05 -3.68105e-05 -3.62566e-05 -3.54134e-05 -3.42841e-05 -3.28789e-05 -3.12156e-05 -2.93195e-05 -2.72228e-05 -2.49641e-05 -2.25872e-05 -2.01400e-05 -1.76725e-05 -1.52351e-05 -1.28772e-05 -1.06444e-05 -8.57722e-06 -6.70960e-06 -5.06709e-06 -3.66617e-06 -2.51355e-06 -1.60603e-06 -9.30751e-07 -4.65844e-07 -1.81340e-07 -3.99835e-08]
