nbr_step;distortion
1;0.046484942095368964
2;0.0435256396708148
3;0.04094113895197171
4;0.038680114594652926
5;0.036697691157263956
6;0.03495468472299745
7;0.03341703502350046
8;0.03205531478550144
9;0.0308442643017085
10;0.029762334547937308
11;0.028791240145135677
12;0.027915530600899907
13;0.027122189254188633
14;0.026400267354716234
15;0.025740557694520827
16;0.025135309256846317
17;0.024577981956764916
18;0.024063038866050157
19;0.023585772300100616
20;0.023142159673139706
21;0.022728744954984226
22;0.022342541755532797
23;0.021980954413730158
24;0.021641713895323933
25;0.02132282575222766
26;0.02102252782961711
27;0.02073925580403374
28;0.020471614986441622
29;0.020218357125216357
30;0.019978361196850758
31;0.01975061738063738
32;0.01953421358296603
33;0.01932832401274781
34;0.01913219941729416
35;0.01894515867273977
36;0.018766581489235323
37;0.018595902042385704
38;0.018432603381980717
39;0.01827621249944833
40;0.018126295958845018
41;0.017982456014123793
42;0.017844327149262207
43;0.017711572988539537
44;0.017583883532632183
45;0.017460972682784848
46;0.017342576020602962
47;0.01722844881528024
48;0.01711836423360452
49;0.017012111731011526
50;0.01690949560446825
51;0.01681033369009788
52;0.01671445619033035
53;0.016621704616993305
54;0.016531930838207476
55;0.016444996218236252
56;0.016360770840580352
57;0.016279132805648078
58;0.01619996759523068
59;0.016123167496861046
60;0.01604863108184751
61;0.0159762627314598
62;0.015905972206316343
63;0.015837674254569778
64;0.01577128825494556
65;0.015706737891126032
66;0.015643950854339617
67;0.015582858571352165
68;0.015523395955367392
69;0.015465501177591212
70;0.015409115457475198
71;0.01535418286984086
72;0.015300650167301588
73;0.015248466616535561
74;0.015197583847143092
75;0.015147955711922623
76;0.015099538157549941
77;0.01505228910472084
78;0.015006168336923476
79;0.014961137397100699
80;0.0149171594915124
81;0.01487419940019341
82;0.014832223393459076
83;0.014791199153952495
84;0.014751095703787798
85;0.01471188333638207
86;0.01467353355259915
87;0.014636019000875633
88;0.014599313421020499
89;0.014563391591410069
90;0.014528229279325566
91;0.014493803194201127
92;0.014460090943576531
93;0.014427070991551993
94;0.014394722619580858
95;0.014363025889428394
96;0.014331961608156307
97;0.014301511294991687
98;0.014271657149959205
99;0.01424238202416045
100;0.014213669391593908
101;0.014185503322419635
102;0.01415786845757755
103;0.01413074998467767
104;0.01410413361508206
105;0.01407800556211114
106;0.014052352520306732
107;0.01402716164569029
108;0.014002420536957438
109;0.013978117217562591
110;0.013954240118634331
111;0.013930778062683669
112;0.013907720248060307
113;0.01388505623411318
114;0.013862775927022175
115;0.013840869566264513
116;0.013819327711681206
117;0.013798141231115113
118;0.013777301288591393
119;0.013756799333010439
120;0.013736627087330977
121;0.0137167765382179
122;0.013697239926132088
123;0.01367800973584038
124;0.01365907868732713
125;0.013640439727086229
126;0.013622086019776158
127;0.01360401094022401
128;0.013586208065756944
129;0.013568671168850077
130;0.013551394210074674
131;0.013534371331334505
132;0.013517596849374536
133;0.01350106524955097
134;0.013484771179854915
135;0.013468709445169369
136;0.013452875001760345
137;0.013437262951981
138;0.013421868539189474
139;0.013406687142861862
140;0.013391714273900457
141;0.01337694557012098
142;0.013362376791917985
143;0.013348003818096366
144;0.013333822641863113
145;0.01331982936697379
146;0.013306020204024327
147;0.013292391466886766
148;0.013278939569277337
149;0.013265661021455322
150;0.013252552427047148
151;0.013239610479985231
152;0.013226831961568819
153;0.013214213737625768
154;0.013201752755784057
155;0.0131894460428445
156;0.013177290702247324
157;0.013165283911633352
158;0.013153422920493929
159;0.013141705047906682
160;0.013130127680351267
161;0.013118688269607048
162;0.013107384330724392
163;0.013096213440068782
164;0.013085173233434721
165;0.013074261404227516
166;0.013063475701708627
167;0.013052813929303408
168;0.01304227394296742
169;0.013031853649611624
170;0.013021551005580445
171;0.013011364015184934
172;0.01300129072928402
173;0.012991329243917882
174;0.012981477698984778
175;0.012971734276967462
176;0.012962097201696943
177;0.01295256473716494
178;0.012943135186371635
179;0.012933806890214228
180;0.012924578226412298
181;0.0129154476084693
182;0.012906413484668755
183;0.012897474337102754
184;0.012888628680733594
185;0.012879875062486501
186;0.01287121206036973
187;0.012862638282626626
188;0.012854152366913563
189;0.012845752979503744
190;0.012837438814517155
191;0.01282920859317721
192;0.012821061063087502
193;0.01281299499753441
194;0.012805009194810812
195;0.012797102477561162
196;0.012789273692146441
197;0.01278152170803043
198;0.012773845417183627
199;0.012766243733507321
200;0.012758715592273207
201;0.012751259949581872
202;0.012743875781837222
203;0.01273656208523749
204;0.012729317875281365
205;0.012722142186287866
206;0.012715034070932996
207;0.01270799259979788
208;0.012701016860932612
209;0.012694105959430324
210;0.01268725901701695
211;0.012680475171651107
212;0.012673753577134517
213;0.01266709340273764
214;0.012660493832831965
215;0.0126539540665358
216;0.012647473317368985
217;0.012641050812917276
218;0.012634685794507383
219;0.01262837751689011
220;0.012622125247932825
221;0.012615928268320309
222;0.01260978587126621
223;0.012603697362226773
224;0.012597662058630554
225;0.01259167928960786
226;0.012585748395733398
227;0.012579868728772037
228;0.012574039651434443
229;0.012568260537137166
230;0.012562530769768931
231;0.012556849743466936
232;0.012551216862393022
233;0.012545631540522684
234;0.012540093201433233
235;0.012534601278101853
236;0.012529155212707033
237;0.01252375445643611
238;0.012518398469297531
239;0.012513086719935562
240;0.012507818685456085
241;0.012502593851248633
242;0.012497411710819362
243;0.012492271765625229
244;0.012487173524913797
245;0.0124821165055643
246;0.012477100231937543
247;0.012472124235724524
248;0.012467188055801937
249;0.012462291238089451
250;0.012457433335412826
251;0.012452613907366683
252;0.012447832520184776
253;0.012443088746609765
254;0.012438382165769257
255;0.012433712363051852
256;0.012429078929988124
257;0.01242448146413444
258;0.012419919568957771
259;0.01241539285372606
260;0.012410900933397029
261;0.012406443428514657
262;0.012402019965104316
263;0.012397630174570462
264;0.012393273693598883
265;0.012388950164059831
266;0.01238465923291332
267;0.012380400552116366
268;0.012376173778532562
269;0.012371978573845144
270;0.01236781460446873
271;0.012363681541466331
272;0.012359579060465808
273;0.012355506841580488
274;0.012351464569328618
275;0.012347451932557374
276;0.012343468624366138
277;0.012339514342034341
278;0.01233558878694696
279;0.01233169166452569
280;0.012327822684158107
281;0.012323981559131392
282;0.012320168006564325
283;0.012316381747344118
284;0.012312622506061077
285;0.012308890010947149
286;0.012305183993815971
287;0.01230150419000059
288;0.012297850338297944
289;0.012294222180909031
290;0.012290619463384389
291;0.012287041934568976
292;0.01228348934654766
293;0.012279961454593091
294;0.012276458017112801
295;0.012272978795600298
296;0.012269523554584771
297;0.012266092061581468
298;0.012262684087044673
299;0.01225929940432191
300;0.012255937789606042
301;0.012252599021891963
302;0.012249282882931756
303;0.01224598915719216
304;0.012242717631811395
305;0.01223946809655685
306;0.012236240343786675
307;0.012233034168408152
308;0.012229849367838275
309;0.012226685741965615
310;0.01222354309311291
311;0.012220421225999423
312;0.01221731994770503
313;0.01221423906763397
314;0.012211178397480316
315;0.012208137751193227
316;0.012205116944943306
317;0.012202115797089796
318;0.012199134128147326
319;0.012196171760754493
320;0.01219322851964244
321;0.012190304231603777
322;0.012187398725462817
323;0.012184511832045553
324;0.012181643384150231
325;0.012178793216519213
326;0.012175961165810767
327;0.012173147070570822
328;0.012170350771206706
329;0.012167572109959612
330;0.012164810930878733
331;0.01216206707979628
332;0.012159340404300056
333;0.012156630753711373
334;0.012153937979058282
335;0.012151261933052715
336;0.01214860247006655
337;0.012145959446108134
338;0.012143332718800304
339;0.012140722147357341
340;0.012138127592562276
341;0.01213554891674673
342;0.012132985983768385
343;0.012130438658990439
344;0.012127906809261124
345;0.012125390302892947
346;0.012122889009643534
347;0.012120402800695096
348;0.012117931548635885
349;0.012115475127440989
350;0.012113033412453511
351;0.01211060628036631
352;0.012108193609204121
353;0.01210579527830552
354;0.012103411168305711
355;0.012101041161119097
356;0.012098685139922405
357;0.012096342989138031
358;0.012094014594417613
359;0.012091699842626535
360;0.01208939862182662
361;0.01208711082126257
362;0.012084836331344384
363;0.012082575043633081
364;0.012080326850827827
365;0.01207809164674678
366;0.012075869326317656
367;0.012073659785559854
368;0.012071462921571685
369;0.012069278632516944
370;0.012067106817612139
371;0.012064947377110502
372;0.012062800212291058
373;0.012060665225444966
374;0.012058542319862753
375;0.012056431399822154
376;0.012054332370575127
377;0.012052245138335915
378;0.012050169610268946
379;0.012048105694477618
380;0.012046053299991255
381;0.012044012336755727
382;0.012041982715619848
383;0.012039964348326049
384;0.012037957147498779
385;0.012035961026632569
386;0.01203397590008376
387;0.012032001683057958
388;0.012030038291600542
389;0.012028085642586173
390;0.01202614365370952
391;0.01202421224347383
392;0.012022291331182822
393;0.012020380836929911
394;0.012018480681590171
395;0.01201659078680839
396;0.01201471107499269
397;0.012012841469303703
398;0.012010981893646688
399;0.012009132272660927
400;0.012007292531713898
401;0.012005462596890337
402;0.012003642394984526
403;0.012001831853491629
404;0.012000030900600311
405;0.011998239465184468
406;0.011996457476794453
407;0.011994684865649141
408;0.011992921562629488
409;0.011991167499270261
410;0.01198942260775171
411;0.011987686820892463
412;0.01198596007214342
413;0.011984242295578484
414;0.011982533425889619
415;0.0119808333983773
416;0.011979142148945576
417;0.011977459614094521
418;0.011975785730913235
419;0.01197412043707402
420;0.011972463670824163
421;0.011970815370980825
422;0.011969175476925442
423;0.011967543928594115
424;0.011965920666475005
425;0.01196430563160017
426;0.011962698765540014
427;0.011961100010397463
428;0.011959509308800853
429;0.011957926603900604
430;0.01195635183936089
431;0.011954784959355036
432;0.011953225908560516
433;0.011951674632151854
434;0.011950131075797121
435;0.011948595185650335
436;0.011947066908348514
437;0.011945546191004852
438;0.011944032981202946
439;0.011942527226993682
440;0.011941028876889026
441;0.011939537879856521
442;0.011938054185316349
443;0.011936577743132837
444;0.0119351085036144
445;0.011933646417504606
446;0.0119321914359804
447;0.011930743510645048
448;0.011929302593525926
449;0.011927868637068517
450;0.011926441594132697
451;0.011925021417987292
452;0.011923608062307023
453;0.011922201481168515
454;0.011920801629043298
455;0.01191940846079731
456;0.01191802193168412
457;0.011916641997342436
458;0.011915268613790664
459;0.011913901737424681
460;0.01191254132501196
461;0.011911187333689455
462;0.011909839720958937
463;0.011908498444682503
464;0.011907163463080739
465;0.01190583473472695
466;0.011904512218545271
467;0.011903195873806116
468;0.011901885660121958
469;0.011900581537446164
470;0.011899283466066835
471;0.011897991406605246
472;0.01189670532001097
473;0.011895425167560314
474;0.01189415091085172
475;0.011892882511802982
476;0.011891619932647257
477;0.011890363135930948
478;0.011889112084510434
479;0.011887866741547737
480;0.01188662707050947
481;0.011885393035162062
482;0.011884164599568925
483;0.011882941728088736
484;0.011881724385371717
485;0.011880512536355914
486;0.0118793061462657
487;0.0118781051806085
488;0.011876909605171682
489;0.011875719386019834
490;0.011874534489492883
491;0.011873354882201703
492;0.011872180531027066
493;0.01187101140311625
494;0.0118698474658806
495;0.011868688686993256
496;0.011867535034385868
497;0.01186638647624605
498;0.01186524298101621
499;0.01186410451738995
500;0.011862971054309224
501;0.011861842560963842
502;0.011860719006786868
503;0.011859600361453226
504;0.011858486594878037
505;0.011857377677213066
506;0.011856273578845555
507;0.011855174270394953
508;0.011854079722711686
509;0.011852989906874445
510;0.011851904794188295
511;0.011850824356181011
512;0.011849748564604023
513;0.011848677391427698
514;0.011847610808840225
515;0.011846548789245015
516;0.01184549130525997
517;0.011844438329713547
518;0.011843389835644813
519;0.011842345796300002
520;0.01184130618513124
521;0.011840270975794376
522;0.0118392401421476
523;0.011838213658247831
524;0.01183719149835194
525;0.011836173636911529
526;0.0118351600485741
527;0.011834150708179059
528;0.011833145590756655
529;0.011832144671526934
530;0.011831147925896679
531;0.011830155329459024
532;0.01182916685799068
533;0.0118281824874511
534;0.011827202193979924
535;0.01182622595389582
536;0.011825253743695918
537;0.011824285540051549
538;0.011823321319809177
539;0.011822361059987851
540;0.011821404737777597
541;0.01182045233053719
542;0.011819503815794552
543;0.011818559171243637
544;0.011817618374742656
545;0.011816681404314078
546;0.01181574823814252
547;0.011814818854572362
548;0.011813893232107686
549;0.011812971349410228
550;0.011812053185298155
551;0.01181113871874434
552;0.011810227928874872
553;0.011809320794968547
554;0.011808417296454488
555;0.011807517412912305
556;0.011806621124068717
557;0.011805728409797767
558;0.011804839250118493
559;0.011803953625195429
560;0.011803071515335273
561;0.011802192900986608
562;0.011801317762738794
563;0.011800446081320193
564;0.011799577837597386
565;0.011798713012574291
566;0.011797851587389885
567;0.011796993543317758
568;0.011796138861765615
569;0.011795287524272169
570;0.011794439512508359
571;0.011793594808274022
572;0.011792753393498778
573;0.011791915250239648
574;0.011791080360679773
575;0.011790248707128248
576;0.01178942027201868
577;0.011788595037908078
578;0.01178777298747552
579;0.01178695410352193
580;0.011786138368967414
581;0.011785325766852428
582;0.0117845162803355
583;0.01178370989269173
584;0.01178290658731318
585;0.011782106347706767
586;0.01178130915749348
587;0.01178051500040822
588;0.01177972386029802
589;0.011778935721121264
590;0.011778150566946921
591;0.011777368381953035
592;0.01177658915042723
593;0.011775812856763768
594;0.0117750394854651
595;0.011774269021138317
596;0.011773501448496482
597;0.011772736752356294
598;0.011771974917638317
599;0.01177121592936492
600;0.011770459772660669
601;0.011769706432750549
602;0.011768955894959965
603;0.011768208144713466
604;0.011767463167532966
605;0.011766720949039022
606;0.011765981474948728
607;0.01176524473107421
608;0.011764510703323683
609;0.011763779377699568
610;0.011763050740297931
611;0.011762324777306932
612;0.011761601475008154
613;0.01176088081977289
614;0.011760162798064633
615;0.011759447396435585
616;0.011758734601527931
617;0.011758024400071176
618;0.011757316778883753
619;0.011756611724870247
620;0.011755909225022065
621;0.011755209266415545
622;0.01175451183621301
623;0.011753816921659943
624;0.011753124510085866
625;0.011752434588903737
626;0.011751747145607394
627;0.011751062167773552
628;0.011750379643059583
629;0.011749699559202409
630;0.011749021904019608
631;0.011748346665407139
632;0.011747673831339456
633;0.011747003389869282
634;0.011746335329125723
635;0.011745669637314882
636;0.01174500630271913
637;0.01174434531369567
638;0.011743686658676589
639;0.011743030326168358
640;0.011742376304750834
641;0.011741724583077207
642;0.01174107514987277
643;0.011740427993934821
644;0.011739783104132429
645;0.011739140469404497
646;0.011738500078761482
647;0.011737861921282233
648;0.011737225986115374
649;0.011736592262478585
650;0.011735960739656492
651;0.01173533140700217
652;0.011734704253935302
653;0.011734079269943132
654;0.01173345644457724
655;0.01173283576745554
656;0.011732217228261288
657;0.011731600816742016
658;0.011730986522709153
659;0.011730374336037519
660;0.01172976424666533
661;0.011729156244593086
662;0.011728550319883513
663;0.011727946462661343
664;0.011727344663111594
665;0.011726744911480735
666;0.011726147198075076
667;0.011725551513260768
668;0.01172495784746358
669;0.011724366191167623
670;0.011723776534915853
671;0.01172318886930901
672;0.011722603185005842
673;0.01172201947272189
674;0.011721437723229255
675;0.01172085792735622
676;0.011720280075987244
677;0.011719704160062738
678;0.011719130170577463
679;0.01171855809858019
680;0.011717987935175644
681;0.011717419671520624
682;0.01171685329882649
683;0.01171628880835729
684;0.01171572619142941
685;0.011715165439411868
686;0.011714606543725525
687;0.01171404949584226
688;0.011713494287285575
689;0.01171294090962971
690;0.011712389354498975
691;0.01171183961356742
692;0.011711291678559388
693;0.011710745541247958
694;0.011710201193455338
695;0.011709658627052366
696;0.011709117833958005
697;0.01170857880613857
698;0.011708041535608893
699;0.01170750601442977
700;0.011706972234709678
701;0.01170644018860345
702;0.011705909868311104
703;0.011705381266080062
704;0.0117048543742021
705;0.01170432918501424
706;0.011703805690898628
707;0.011703283884281934
708;0.011702763757634682
709;0.011702245303471415
710;0.01170172851435003
711;0.011701213382872389
712;0.011700699901682599
713;0.011700188063467287
714;0.011699677860955826
715;0.011699169286919553
716;0.011698662334171439
717;0.011698156995565312
718;0.01169765326399752
719;0.011697151132404382
720;0.011696650593762126
721;0.011696151641088559
722;0.011695654267440125
723;0.01169515846591479
724;0.011694664229647933
725;0.011694171551815347
726;0.011693680425631459
727;0.011693190844349
728;0.011692702801259114
729;0.011692216289691804
730;0.011691731303013375
731;0.01169124783462866
732;0.011690765877980125
733;0.011690285426545988
734;0.011689806473842601
735;0.011689329013421623
736;0.011688853038871738
737;0.011688378543817268
738;0.011687905521918562
739;0.011687433966871497
740;0.011686963872406808
741;0.01168649523229015
742;0.011686028040322982
743;0.011685562290340012
744;0.011685097976211312
745;0.011684635091840201
746;0.011684173631164418
747;0.011683713588154898
748;0.011683254956816158
749;0.011682797731185524
750;0.011682341905334126
751;0.011681887473365016
752;0.011681434429413273
753;0.011680982767647397
754;0.01168053248226758
755;0.011680083567505217
756;0.011679636017623674
757;0.011679189826918013
758;0.01167874498971433
759;0.01167830150036886
760;0.011677859353270148
761;0.011677418542835993
762;0.011676979063515003
763;0.01167654090978576
764;0.01167610407615749
765;0.011675668557168062
766;0.011675234347385488
767;0.011674801441407534
768;0.011674369833859943
769;0.011673939519399046
770;0.011673510492708039
771;0.01167308274850043
772;0.011672656281516869
773;0.011672231086527096
774;0.011671807158327885
775;0.011671384491744985
776;0.011670963081630514
777;0.011670542922865457
778;0.01167012401035672
779;0.01166970633903952
780;0.011669289903874891
781;0.011668874699851117
782;0.011668460721983576
783;0.011668047965312844
784;0.011667636424906758
785;0.011667226095858574
786;0.011666816973287975
787;0.011666409052339954
788;0.011666002328184988
789;0.011665596796019306
790;0.0116651924510639
791;0.011664789288565458
792;0.011664387303794321
793;0.011663986492046918
794;0.011663586848643936
795;0.011663188368929933
796;0.011662791048273835
797;0.011662394882068938
798;0.011661999865732464
799;0.011661605994705337
800;0.011661213264451853
801;0.011660821670460453
802;0.011660431208241728
803;0.011660041873331084
804;0.011659653661285518
805;0.011659266567685678
806;0.011658880588134468
807;0.011658495718258055
808;0.011658111953704475
809;0.011657729290144025
810;0.011657347723269595
811;0.01165696724879589
812;0.011656587862459267
813;0.011656209560018782
814;0.011655832337253536
815;0.011655456189965108
816;0.011655081113976673
817;0.011654707105132
818;0.011654334159295732
819;0.011653962272354546
820;0.011653591440214717
821;0.011653221658803448
822;0.011652852924069423
823;0.011652485231980814
824;0.011652118578525883
825;0.011651752959713768
826;0.011651388371573479
827;0.011651024810153898
828;0.011650662271523171
829;0.01165030075177037
830;0.011649940247002388
831;0.011649580753346656
832;0.011649222266949977
833;0.011648864783978141
834;0.011648508300615756
835;0.011648152813066526
836;0.011647798317552749
837;0.01164744481031632
838;0.011647092287616512
839;0.01164674074573191
840;0.011646390180959365
841;0.011646040589613604
842;0.011645691968027727
843;0.011645344312553207
844;0.011644997619558894
845;0.01164465188543179
846;0.011644307106576213
847;0.011643963279415082
848;0.011643620400387245
849;0.011643278465950146
850;0.01164293747257844
851;0.0116425974167631
852;0.01164225829501353
853;0.011641920103854453
854;0.011641582839828857
855;0.011641246499495772
856;0.01164091107943116
857;0.011640576576227468
858;0.011640242986493354
859;0.011639910306854684
860;0.01163957853395231
861;0.011639247664444297
862;0.011638917695004414
863;0.01163858862232231
864;0.01163826044310401
865;0.01163793315407008
866;0.011637606751958629
867;0.011637281233521701
868;0.01163695659552788
869;0.011636632834760685
870;0.011636309948018675
871;0.011635987932116676
872;0.01163566678388378
873;0.011635346500164512
874;0.011635027077817772
875;0.011634708513718117
876;0.011634390804754369
877;0.011634073947830448
878;0.011633757939864653
879;0.011633442777789382
880;0.01163312845855291
881;0.011632814979116002
882;0.01163250233645452
883;0.011632190527559205
884;0.011631879549433899
885;0.011631569399096708
886;0.011631260073580285
887;0.01163095156993027
888;0.011630643885206626
889;0.011630337016482917
890;0.011630030960845972
891;0.011629725715396999
892;0.011629421277249807
893;0.011629117643531972
894;0.011628814811384336
895;0.01162851277796123
896;0.01162821154042959
897;0.011627911095969612
898;0.011627611441775265
899;0.011627312575052229
900;0.01162701449301956
901;0.01162671719290942
902;0.011626420671966453
903;0.01162612492744769
904;0.01162582995662309
905;0.011625535756774719
906;0.011625242325197516
907;0.011624949659198358
908;0.011624657756096723
909;0.011624366613224024
910;0.011624076227924163
911;0.011623786597552643
912;0.01162349771947746
913;0.01162320959107821
914;0.01162292220974609
915;0.011622635572885232
916;0.011622349677909982
917;0.011622064522247677
918;0.011621780103336476
919;0.011621496418626143
920;0.011621213465578373
921;0.011620931241665855
922;0.011620649744371991
923;0.011620368971193451
924;0.011620088919636007
925;0.011619809587217866
926;0.011619530971467618
927;0.01161925306992495
928;0.011618975880141547
929;0.0116186993996783
930;0.011618423626108543
931;0.01161814855701504
932;0.011617874189992494
933;0.01161760052264571
934;0.011617327552589485
935;0.011617055277450439
936;0.011616783694864852
937;0.011616512802479328
938;0.011616242597951576
939;0.011615973078948849
940;0.01161570424314945
941;0.011615436088240894
942;0.0116151686119218
943;0.011614901811899947
944;0.011614635685894159
945;0.011614370231633031
946;0.011614105446853928
947;0.011613841329305874
948;0.011613577876746162
949;0.011613315086943132
950;0.01161305295767362
951;0.011612791486725171
952;0.011612530671894383
953;0.011612270510987233
954;0.011612011001819744
955;0.011611752142217546
956;0.011611493930014483
957;0.011611236363055
958;0.011610979439192481
959;0.011610723156289415
960;0.01161046751221706
961;0.011610212504857054
962;0.011609958132098808
963;0.011609704391841669
964;0.011609451281993588
965;0.01160919880047162
966;0.011608946945201759
967;0.011608695714118877
968;0.011608445105166287
969;0.011608195116296405
970;0.011607945745470694
971;0.011607696990658722
972;0.011607448849838609
973;0.011607201320997962
974;0.011606954402131775
975;0.0116067080912442
976;0.01160646238634766
977;0.01160621728546296
978;0.011605972786619678
979;0.011605728887855049
980;0.011605485587214748
981;0.01160524288275322
982;0.011605000772532514
983;0.01160475925462301
984;0.011604518327103075
985;0.011604277988058798
986;0.01160403823558559
987;0.011603799067785303
988;0.011603560482768782
989;0.011603322478654032
990;0.011603085053567552
991;0.011602848205642835
992;0.011602611933021811
993;0.011602376233854295
994;0.01160214110629687
995;0.011601906548514729
996;0.011601672558680165
997;0.011601439134972857
998;0.011601206275580755
999;0.011600973978698748
1000;0.011600742242528828
centroids  : [-2.25502 -1.49279 -0.95418 -0.50247 -0.08929  0.31231  0.7243   1.17325  1.70633  2.45586]
probas     : [0.03047 0.0801  0.12263 0.15045 0.16073 0.15348 0.13075 0.0964  0.05625 0.01871]
Distortion : 0.011600742242528828
Gradient   : [0.00021 0.00024 0.00025 0.00026 0.00026 0.00026 0.00026 0.00025 0.00024 0.0002 ]
